018990
079122
080000
089069
098140
098408
098886
099449
109686
109687
109688
109689
109690
109691
109692
109693
109694
109695
109696
109697
109698
109699
109702
109703
109704
109705
109706
109707
110006
110007
110008
110009
110010
110011
110012
110017
110018
110019
110020
110021
110022
110023
111013
112016
117326
117401
117402
117502
117537
117612
117757
117758
118571
118633
118635
118640
118641
118643
121502
122438
128039
128047
128048
128049
128412
128550
128551
128552
128555
128556
128559
128562
128575
128992
128993
128994
129100
129189
129190
129191
129192
129193
129194
129196
129197
129198
129199
129200
129201
129202
129203
129205
129625
129626
129788
129789
129791
129792
129793
129798
129801
129802
129816
139224
139242
139243
139244
139257
139451
139526
139527
139529
139530
139531
139532
139533
139644
139654
140205
141202
141203
149003
149051
149295
159023
159104
159105
159934
159935
159937
159961
159962
187995
207663
229543
229841
237968
237993
238257
238258
238307
238309
238357
238359
238361
238591
238593
238597
238598
238599
238775
238776
238777
239225
239710
247955
248138
248234
248264
248265
248437
248440
248442
248452
248486
248487
248504
248505
248506
248816
248929
248930
249077
249564
249612
257699
257754
257755
257756
257757
257758
257759
257760
257761
257762
257763
257764
257765
257766
257767
257768
257769
257770
257771
257772
257773
257774
257775
257776
257777
257778
257779
258022
258023
258040
258041
258042
258043
258044
258045
258046
258047
258048
258049
258050
258051
258052
258053
258054
258055
258056
258057
258058
258059
258399
258862
258907
258908
259280
259281
259282
259284
259292
259293
259294
259295
259344
259705
266214
266215
266216
266217
266227
266228
267835
267836
267937
267938
267952
267954
267955
268710
268824
269099
269103
269105
269678
269734
269764
269782
269926
269927
269931
269932
269933
269934
269943
275866
275908
275909
275910
275911
275912
275913
275914
275915
275916
275917
275918
275919
275920
275921
275922
275950
275951
275952
275953
275954
275955
275956
275957
275958
275959
275960
275961
275962
275963
276177
276178
276179
276180
276181
276182
276183
276184
276185
276186
276187
276188
276189
276190
276248
276249
276250
276251
276252
276253
276254
276255
276256
276257
276258
276259
276260
276261
276262
276263
276264
276265
276266
276267
276268
276269
276270
276271
276272
276273
276274
276275
276276
276277
276278
276279
276694
276697
276750
276906
277107
278734
278739
278740
278880
278881
278882
278883
286891
286892
287982
287983
287984
287985
287992
288683
288829
288830
288831
288834
288835
288836
288837
288838
288839
288840
288841
288842
288843
288844
288845
288846
288847
288848
288849
288850
288851
288853
288855
289605
289606
289607
289608
289624
289625
289626
289627
289628
289675
289892
289893
289894
289895
289897
289898
289900
289928
297628
297634
297635
297674
297678
297679
297680
297681
297687
297688
297694
297695
297696
297724
297725
297726
297727
298063
298105
298229
298230
298360
298862
299681
299682
299683
299684
299719
299720
299748
299781
307468
307521
308259
309425
309431
309432
318990
320152
321132
327830
327994
327995
328004
328008
328669
338517
338519
338529
338530
338531
338532
338533
338534
338535
339948
347486
349317
357674
357677
357679
357680
357684
357686
357687
357688
357691
357704
357705
357706
357711
357712
357713
357715
357719
357720
357721
357722
357723
357724
357725
357726
357734
357736
357737
357739
358556
358558
358563
358570
358656
358659
358661
358663
358670
358674
358675
359375
359376
359378
359380
359381
359382
359383
359384
359385
359386
359387
359389
359390
359391
359392
359393
359394
359397
359398
359399
359400
359403
359404
359407
359417
359418
359419
359420
359421
359422
359423
359611
359612
359614
359616
359618
359620
359621
359622
359623
359624
359625
359626
359627
359628
359629
359630
359631
359632
359633
359634
359635
359636
359637
359638
359639
359640
359641
359642
359644
359645
359646
359647
359649
359650
359653
359654
359657
359658
359718
359719
359720
359721
359722
359723
359724
359725
359726
359727
359728
359729
359732
359733
359734
359736
359738
359740
359742
359744
359759
359763
359766
359769
359770
359772
359775
359777
359778
359779
359787
359788
359789
359790
359791
359793
359795
359796
359797
359798
359799
359800
359801
359802
359803
359804
359805
359806
359807
359808
359809
359810
359811
359812
359813
359814
359815
359816
359817
359818
359819
359820
359821
359822
359824
359825
359826
359827
359828
359829
359830
359831
359832
359834
359835
359930
359932
359934
367832
387386
387394
398004
399938
399939
399942
408970
419592
426146
429058
436607
436621
436879
436881
436882
436887
436894
436896
436897
438665
438795
439173
439188
439272
439339
439340
439357
439358
449288
449292
449293
449294
449302
449304
457266
457267
458969
460004
460022
460046
460502
460521
463046
465404
469267
469272
469980
469982
470743
479277
479278
479279
479280
479281
479282
479289
479290
479291
479292
479293
479294
479295
479296
479297
479309
486038
486122
486131
486147
486361
488748
488751
488753
488754
488756
488757
488762
488770
488771
489886
498737
498745
498747
498750
498781
498782
498792
498793
498798
498803
498815
498841
499612
499804
506776
506777
506791
506793
506794
506795
506847
506848
506884
506885
506887
506910
506938
506967
506969
506970
506978
506979
506980
506981
506982
506983
506984
506985
506986
506987
506999
507000
507001
507002
507007
507008
507025
507026
507082
507709
508071
508505
508686
508730
509071
509085
509088
509089
509090
509733
509735
509738
509739
509743
509744
509745
509748
509782
509783
509784
509785
509786
509818
509819
509860
509864
509950
512594
519959
519960
519961
519965
528684
528685
528686
528779
528780
528781
528783
528784
528785
528786
528796
528797
528837
528839
528841
528880
528881
528883
528885
528886
528887
529414
529775
529776
529777
529781
529782
534029
534030
536210
536213
536562
536563
536564
536565
539213
539216
539220
539255
539257
539261
539263
539265
539272
539276
539307
539329
539455
539466
539467
539468
539501
539784
544591
545081
556095
556113
556114
556122
556742
556818
557320
557321
557323
557694
560424
560602
565954
567854
567855
567856
567857
567858
567859
567860
567861
567862
567863
567864
567884
567885
567886
567887
567888
567889
567890
567891
567892
567893
567894
569788
569928
569935
573912
573913
573914
573915
573920
574325
575576
575954
576193
576194
576197
576806
576807
576808
576809
576810
576811
576813
576815
576817
576819
587848
587849
587851
587852
587853
587854
587855
587856
587857
587858
587859
587860
587861
587862
587863
587864
587865
587866
587867
587969
587970
587975
587977
587978
588209
588210
588211
588213
588214
588378
589239
589240
589241
589242
589639
589658
589659
590001
591001
591301
592001
593001
594001
595001
596158
596169
596722
596741
596744
596745
596746
596747
596807
596830
596831
596839
597151
597156
597591
597593
597596
597627
598720
598725
598726
598737
598751
599490
608506
608574
608611
608613
608614
608615
608617
608618
608973
609078
609134
609206
609831
619165
619291
619294
619329
619523
627486
627581
628429
628432
628498
628502
628507
628573
628574
628576
628577
628579
628580
628582
628584
628614
628926
629360
629425
629427
629498
629680
629681
629918
629919
629920
629921
629922
629971
629972
629973
629975
629977
629984
637036
637086
637087
637088
637090
637563
637748
637815
637826
637827
637828
637829
637830
637831
638071
638072
638357
638358
638359
638360
638361
638362
638363
638367
638381
638382
638437
638487
638513
638518
638519
638520
638521
638611
638771
638775
638826
638831
638977
639025
639189
639190
639192
639937
640906
648158
648316
649697
649735
649806
649809
649820
649821
649822
651476
658962
659762
659801
659802
669242
669243
669244
669246
669561
669614
669616
669640
669641
669643
677621
677726
677742
677919
678139
678274
678277
678943
678944
678945
678946
678947
678948
678949
678950
679090
679242
679244
679331
679376
679380
679518
679946
680027
680031
680032
681028
681031
681032
681035
681036
682028
682030
682032
682035
683028
683030
683032
683035
683036
688258
688376
688378
688380
688728
688729
688730
688731
688732
688733
689574
689575
689866
689867
689879
690110
690212
690213
690417
691104
691108
691212
691415
692105
692212
692302
693212
693213
694212
694216
694301
698923
698928
718859
718907
719457
729753
729755
730694
730915
731903
731904
735694
737708
737774
737775
737776
737777
737778
737903
737908
738074
738208
738209
738285
738308
738317
738318
738360
738700
739522
752446
756983
756984
757035
757036
757037
757038
757039
757040
757041
757058
757060
757087
757446
757758
758079
758082
758083
758108
758110
758112
758146
758172
758214
758238
758250
758265
760965
760966
767974
767989
768428
768429
768430
768431
768432
768433
768434
768436
768437
768438
768439
768440
768698
769134
769135
769198
769963
778901
787056
787057
787058
787059
789311
789312
797464
797465
797466
797531
797654
797763
797770
797771
797792
797794
797795
798687
798689
798708
799331
799892
799894
799896
804291
804292
804293
804294
804295
804296
804297
804309
804310
804311
804312
804313
804314
804315
804316
804317
804318
804319
804320
804321
804322
804323
804324
804325
804326
804327
804328
804329
804330
804331
804333
804334
804335
804336
804337
804338
804339
804340
804341
804342
804343
804344
804345
804346
804347
804348
804349
804350
804351
804352
804353
804354
804355
804356
804357
804358
804359
804679
804683
804684
804685
804686
804687
804688
804689
804690
804691
804713
804714
804715
804716
804717
804718
804719
804720
804721
804722
806862
806864
806866
806868
806902
806904
806905
806906
806907
806908
806909
806910
806911
806912
806913
806914
806915
806916
806917
806918
806919
806920
806921
806922
806923
806925
806927
806929
806931
806933
806935
806936
806937
806938
806939
806940
806941
806942
806943
806944
806945
806946
806947
806948
806949
819454
819457
819458
819459
819460
819461
819462
819463
819464
819465
819466
819468
819469
819470
819471
819472
819473
819477
819478
819480
819482
819658
819661
819664
819666
819829
819830
819831
819835
819837
820237
828629
828737
828738
828837
828861
828871
829170
918104
