099281
110003
119118
119171
119292
119616
119969
121317
126769
127323
127717
127846
128439
128457
128762
128766
128767
129118
138947
140032
141037
142057
142059
159050
159965
188066
238774
248432
248697
249003
249005
249417
249509
249567
258859
268432
269776
275941
275946
276436
278861
279863
279865
299629
308079
308255
308575
309011
309190
309470
329133
339627
347585
347594
348545
358628
358906
358935
359008
359042
359230
368171
387390
388967
389300
389450
389978
415957
416485
417471
418801
419429
424722
426368
426376
426649
426655
427950
428905
429072
436659
438020
457679
459383
459403
460094
465460
466933
467666
489929
507095
508624
510577
511633
519612
520233
520259
520299
521846
528467
528788
529599
530562
534000
534624
534954
538458
540110
545172
545195
548703
554346
554489
555189
555389
556762
556807
557109
557553
559916
568026
568072
568160
569760
569771
570307
574042
574484
574606
576686
577138
577515
577819
578453
578824
596155
596301
596592
596912
596915
597521
609254
610115
610141
618824
619112
619402
628798
628975
628978
637336
637440
637442
637737
638325
638584
638897
639420
639492
639706
640481
650466
650470
651448
659401
669450
670140
677972
693126
710004
718898
730192
730576
731614
752363
753468
757531
757546
758588
759803
760275
760468
763333
768424
786401
786736
786795
786880
786885
789185
789688
789742
789968
793469
799884
804360
804370
804651
804790
805132
805159
805165
805225
805960
807171
809024
820182
828765
