018948
117343
117344
129555
141037
159050
188066
208581
276598
277938
278861
279863
279865
286684
289083
388942
389450
416472
417947
424040
424959
426201
428905
436659
455748
455869
455915
455972
456989
457201
457616
458195
458497
459403
459668
459831
460094
465460
470150
489929
506825
506832
509117
511633
519128
519612
520233
521953
534561
534801
540110
540339
545268
556497
570210
575621
576686
577663
596592
596912
596915
628421
637440
650466
650470
651448
668778
668977
668998
670490
677997
679653
680029
718898
731614
758057
759617
799503
809024
828765
