110003
117586
117821
118679
118720
119118
119292
127531
127846
127878
128439
128457
128762
128766
128767
129118
138947
139650
140032
189352
247733
248697
258859
268432
275941
275946
276307
297646
308079
308255
308694
348358
350101
358509
360213
370076
380052
387390
387485
400337
403357
408858
417471
419522
423774
423983
425686
426119
427835
427920
428385
431031
437009
437436
437823
438347
455224
456944
457679
459037
459130
460113
465458
466581
468160
486747
486765
499617
508768
513526
518145
518766
522967
528467
528585
529447
530359
530457
532997
534000
534194
535482
539152
545172
545511
546931
547100
554741
554777
556807
558569
559916
560231
560234
560405
567923
568072
568160
569543
569771
574042
577138
577805
577819
577984
579399
588186
589632
596155
596291
596301
597572
598441
608602
609197
610115
610141
618469
618823
619159
619402
619628
627689
628385
628566
628798
628882
628975
628978
629065
629831
637410
637442
637489
637632
637737
638584
638707
638897
638975
639177
639344
639420
639492
639603
640205
641560
648425
648558
651292
670140
677750
677972
680534
690415
699887
710005
730557
735689
738190
752363
757148
758093
758452
758588
759890
760468
760861
761220
762477
768106
768424
786736
789334
789476
789742
789868
799443
799452
799812
804360
804361
804620
804651
804695
806764
