532183
692306
629314
535424
534194
530535
760103
609606
758093
629065
639420
417092
534317
455383
129810
486765
360213
431007
637814
637008
768342
489393
357831
677662
710005
759152
648874
320087
768282
520647
520724
499617
478983
806063
601291
768308
627662
099169
248430
787680
677768
729761
530180
518766
648320
648802
648726
618380
519285
730753
678799
532997
544188
678417
739983
489368
400337
799452
618769
789592
418531
618471
678805
648814
489929
465460
268432
789968
099281
789742
804620
387390
786880
511633
752363
249567
806764
786885
628978
730912
628975
828765
039596
786795
128457
142057
554346
249417
117586
641560
799443
762477
610115
387485
699887
398690
528585
560405
680239
460113
735689
149457
119292
577819
651448
650466
610141
460094
129118
609254
577138
522967
730192
541175
188066
249509
121317
578824
693126
805159
117940
019396
117311
117294
559916
431031
438347
809024
804360
141037
637442
596912
308255
596915
279863
189352
638975
119118
576686
528467
628882
436659
554777
619402
279865
804651
608602
569771
519612
638897
427950
128762
786736
596155
639492
128767
574042
638584
128766
248697
138947
275941
465458
569760
275946
534954
568160
545172
238774
548703
639706
507095
637440
799884
119171
459403
