532183
692306
629314
535424
530535
760103
609606
417092
466581
559038
534317
455383
641560
129810
360213
431007
637814
637008
637840
403357
768342
189768
489393
637465
357831
677662
437107
759152
539939
648874
320087
479234
768282
520647
679634
467347
760468
437436
417471
437787
520724
758588
629065
799443
762477
478983
541275
806063
601291
528585
508768
427835
799452
437009
247733
768308
627662
758093
099169
370076
417117
248430
619159
387485
787680
677768
680534
522967
639177
730557
459037
729761
690415
530180
618823
579399
489249
427920
699887
759890
425686
117586
648320
648802
539152
648726
469338
532997
456103
618380
529447
588186
398690
560405
519285
730753
437823
460113
678799
348358
768106
400337
544188
118679
822401
680239
735689
678417
739983
518145
628566
589632
489929
489368
139650
465460
608602
308694
809024
141037
618769
789592
757148
418531
276307
556807
458779
618471
637442
596912
678805
804360
804651
596915
598441
760861
279863
350101
098635
718898
308255
648814
428861
688646
730757
609197
508834
507909
576686
459832
469252
569543
149457
119118
789968
436659
119292
380052
419522
457662
268432
637737
279865
099281
429155
651292
520103
619402
528467
408694
127531
651448
548790
423774
577819
519612
408858
628798
459130
650466
513526
648226
128439
569771
786880
639420
789742
458671
768424
670140
387390
511633
738994
752363
249567
460094
427950
786885
638897
730912
545172
128762
610141
426115
129118
308079
489511
110003
828765
786736
788729
426114
627689
039596
639492
596301
609254
640205
120371
789459
458766
518364
538750
569760
534000
258859
117940
364206
574042
128767
128766
610115
786795
019396
128332
248697
534954
730192
138947
127846
424254
424264
628978
117311
117294
537169
677972
457679
638584
541175
568072
188066
577138
140032
238774
548703
639706
275941
596155
568160
275946
507095
628975
469200
486770
142057
648713
789412
249509
128457
554346
757562
121317
249417
400036
739480
760475
637440
799884
578824
806374
619975
693126
387468
119171
459403
348407
805159
510558
507206
574121
575568
820326
437460
535991
529599
759803
619112
545195
555389
568026
439384
238331
557553
428042
329133
805225
539202
229385
159050
309011
805960
760415
248432
428066
640481
119616
641854
