019396
039596
098635
099169
099281
117294
117311
117586
117940
119118
119171
119292
121317
128457
128762
128766
128767
129118
129810
138947
141037
142057
149457
188066
189352
189768
238774
248430
248697
249417
249509
249567
268432
275941
275946
279863
279865
308255
320087
357831
360213
387390
387485
398690
400337
403357
417092
417117
418531
425686
427950
431007
431031
436659
437107
437436
437787
438347
455383
456103
458779
459403
460094
460113
465458
465460
466581
467347
469338
478983
479234
486765
489249
489368
489393
489929
499617
507095
511633
518766
519285
519612
520647
520724
522967
528467
528585
529447
530180
530535
532183
532997
534194
534317
534954
535424
539939
541175
541275
544188
545172
548703
554346
554777
559038
559916
560405
568160
569760
569771
574042
576686
577138
577819
578824
596155
596912
596915
601291
608602
609254
609606
610115
610141
618380
618471
618769
619402
627662
628882
628975
628978
629065
629314
637008
637440
637442
637465
637814
637840
638584
638897
638975
639420
639492
639706
641560
648320
648726
648802
648814
648874
650466
651448
677662
677768
678417
678799
678805
679634
680239
692306
693126
699887
710005
729761
730192
730753
730912
735689
739983
752363
758093
759152
760103
762477
768106
768282
768308
768342
786736
786795
786880
786885
787680
789592
789742
789968
799443
799452
799884
804360
804620
804651
805159
806063
806764
809024
822401
828765
