532183
692306
629314
535424
530535
760103
609606
417092
466581
559038
534317
455383
641560
129810
360213
431007
637814
637008
637840
403357
768342
189768
489393
637465
357831
677662
437107
759152
539939
648874
320087
479234
768282
520647
679634
467347
760468
437436
417471
437787
520724
758588
629065
799443
762477
478983
541275
806063
601291
528585
508768
427835
799452
437009
247733
768308
627662
758093
099169
370076
417117
248430
619159
387485
787680
677768
680534
522967
639177
730557
459037
729761
690415
530180
618823
579399
489249
427920
699887
759890
425686
117586
648320
648802
539152
648726
469338
532997
456103
618380
529447
588186
398690
560405
519285
730753
437823
460113
678799
348358
768106
400337
544188
118679
822401
680239
735689
678417
739983
518145
628566
589632
489929
489368
139650
465460
608602
308694
809024
141037
618769
789592
757148
418531
276307
556807
458779
618471
637442
596912
678805
804360
804651
596915
598441
760861
279863
350101
098635
718898
308255
648814
428861
688646
730757
609197
508834
507909
576686
459832
469252
569543
149457
119118
789968
436659
119292
380052
419522
457662
268432
637737
279865
099281
429155
651292
520103
619402
528467
408694
127531
651448
548790
423774
577819
519612
408858
628798
459130
650466
513526
648226
128439
569771
786880
639420
789742
458671
768424
670140
387390
511633
738994
752363
249567
460094
427950
786885
638897
730912
545172
128762
610141
426115
129118
308079
489511
110003
828765
786736
788729
426114
627689
039596
639492
596301
609254
640205
120371
789459
458766
518364
538750
569760
534000
258859
117940
364206
574042
128767
128766
610115
786795
019396
128332
248697
534954
730192
138947
127846
424254
424264
628978
117311
117294
537169
677972
457679
638584
541175
568072
188066
577138
140032
238774
548703
639706
275941
596155
568160
275946
507095
628975
469200
486770
142057
648713
789412
249509
128457
554346
757562
121317
249417
400036
739480
760475
637440
799884
578824
806374
619975
693126
387468
119171
459403
348407
805159
510558
507206
574121
575568
820326
437460
535991
529599
759803
619112
545195
555389
568026
439384
238331
557553
428042
329133
805225
539202
229385
159050
309011
805960
760415
248432
428066
640481
119616
641854
508624
249005
416485
786401
570263
400306
513589
731614
639226
805165
239528
788725
419780
127717
529544
570307
459383
415989
538458
249003
521846
510577
419429
389978
429530
557109
520299
359042
788441
438682
738253
554489
466933
358906
511638
259771
468342
750501
609277
619651
269672
259605
424855
415957
459539
558489
142059
109920
349901
820182
574484
189763
669450
426649
534880
309470
369760
159965
367990
358628
239536
578453
528788
530931
799753
710004
520148
426655
419936
348545
575106
358935
390000
279835
763333
648153
347594
389300
389450
543200
805132
530562
596592
540110
119969
757546
461020
659401
574606
100065
347585
789688
669472
730576
556762
417800
267879
308575
629455
520259
757531
277403
424722
804790
120327
547800
597521
456128
309820
428905
807171
804370
670457
359230
467666
555189
489405
425957
537019
339685
779229
426368
409961
534397
559916
638555
429597
419455
119454
359008
789185
126769
521892
438020
555586
678069
539888
339627
269776
426376
418801
640677
429110
127921
618824
309190
127323
793469
429535
575915
637336
753468
650470
169564
556235
209077
347773
299629
638707
544901
418970
459525
731784
638325
760275
388967
487480
537408
520233
278861
276436
534624
368171
455654
127974
388432
429072
259633
577515
418101
259984
538246
522872
638230
668778
637915
509475
691235
286684
349312
547574
678368
349655
799746
577663
670528
575706
658697
509474
805947
456848
268670
455915
248555
547709
239815
532364
308442
518141
521953
469519
598020
128149
359114
369254
455972
651458
049428
509117
757521
321098
557234
538053
574157
637380
521112
618341
597113
535226
637984
455869
267386
210014
048943
309717
730784
426201
534801
786215
822203
730893
799812
739011
808528
099780
629477
357970
587773
799503
128650
576871
347494
428318
556443
276478
239541
519128
417786
436731
757466
119457
828746
098404
459668
507916
574633
456394
470625
545825
546435
670410
684803
597796
537941
549557
424710
