761220
109031
797560
466581
189768
760468
417471
519612
629065
762477
763483
508768
758093
648846
509475
509474
522967
639177
690415
149457
759890
539152
532997
529447
589632
718827
458671
518145
408694
608602
559916
276307
556807
637442
804360
639337
117586
308255
639603
364206
609197
710004
535991
458705
119292
268432
637737
099110
651292
128420
143053
518375
423774
403357
577819
408858
628798
459130
639226
128439
569771
730909
639420
789742
039596
768424
670140
528467
752363
629455
387390
578453
098635
638897
456128
789868
545172
786401
128762
688488
610141
129118
308079
438685
110003
508834
786736
627689
596301
427920
640271
507502
518141
534000
400306
639492
258859
760475
574042
428905
419522
138947
510158
127846
118679
529599
679634
628978
418970
579399
677972
541175
577138
140032
275941
455224
596155
275946
118720
628975
128457
799753
189763
117294
429155
511633
370076
757148
117311
239528
680534
267386
758107
428042
548703
249417
699887
639706
640677
428066
507095
693126
425686
468356
511638
608579
534954
529544
649882
805159
348407
757366
545195
637440
349655
249509
805269
569760
523954
427950
461020
628911
575106
229385
249005
768071
541275
628896
648967
538458
805960
460113
609254
429110
267879
731762
543200
670457
459832
339685
789693
309011
600232
188066
259771
460094
578824
678069
259605
520299
109920
429597
799452
127972
730192
127921
549557
359042
329133
521846
637757
788441
269672
368171
557109
684803
648726
426649
142059
348545
522872
534801
417786
729826
820326
347594
128650
388432
426655
415957
438109
554878
651458
555586
641560
456394
763333
731784
309470
380052
559038
467666
670410
520259
508624
559783
638555
119969
159050
455869
638707
169564
129958
638288
510558
820182
537941
409961
279865
587773
574633
530562
598441
469338
459383
807171
419970
628731
249152
650466
760275
426368
753468
546435
757521
538750
209077
437436
238331
428318
692306
793469
259633
429072
418395
532364
731614
828765
789185
299629
799812
668191
239003
577515
437139
577757
600304
768828
424722
805947
641957
389300
119454
730689
126769
641854
618824
308442
